-4.481204677300242856e-01 -1.245728545054451686e-01 -8.852511792264324830e-01 1.118903484501482248e-02 -9.909475486357487428e-01 1.337825151207625851e-01 -8.939031557728506217e-01 5.004557695906017289e-02 4.454577290003772228e-01
-4.480897597088283613e-01 -1.245407430786741459e-01 -8.852712412348526794e-01 1.118805093414311502e-02 -9.909526053487961450e-01 1.337451362432618140e-01 -8.939185615929339246e-01 5.002536622400004934e-02 4.454290829905196425e-01
2.345400924602449588e-01 9.534305456769991416e-01 -1.896342258106368250e-01 -2.180311692262909551e-02 -1.898671293574853425e-01 -9.815676733073509519e-01 -9.718619084629246396e-01 2.343515900513751804e-01 -2.374369640966417228e-02
-2.324994002919877067e-01 -9.524277196274060220e-01 -1.970417918848836880e-01 4.068758128213467717e-02 1.928915232379551925e-01 -9.803761426066790463e-01 9.717451052582031235e-01 -2.359540191399187581e-01 -6.095183216534377779e-03
1.344714530819104970e-01 -9.621538511302072383e-01 2.370177104381676059e-01 7.758588654594139600e-02 2.486789617113568385e-01 9.654735647396266440e-01 -9.878754266176075216e-01 -1.114394039712751083e-01 1.080897808657557690e-01
-4.526985966747572587e-01 -1.424209243991271245e-01 -8.802160307913072801e-01 6.378740324651650806e-02 -9.898050421907601537e-01 1.273465572397380341e-01 -8.893790798955031329e-01 1.502912853657736858e-03 4.571680145167447695e-01
-2.324977840256314821e-01 -9.524281424503593385e-01 -1.970416552197252202e-01 4.068758106371017647e-02 1.928913721804459414e-01 -9.803761723366846148e-01 9.717454919732610996e-01 -2.359524358994899429e-01 -6.094819336309176272e-03
-4.527350461075752008e-01 -1.424596006027747663e-01 -8.801910248474873466e-01 6.378853539365855752e-02 -9.897994385727415523e-01 1.273895370641495162e-01 -8.893604448019398756e-01 1.527611594695874042e-03 4.572041837346986215e-01
1.344709953713957018e-01 -9.621539356710485658e-01 2.370176269321287998e-01 7.758590176504742697e-02 2.486788293802142114e-01 9.654735976014003906e-01 -9.878754877266316958e-01 -1.114389693545219107e-01 1.080896704503785388e-01
-4.527333933007517963e-01 -1.424578481359965176e-01 -8.801921586192689162e-01 6.378848409359424987e-02 -9.897996925267822377e-01 1.273875895483100318e-01 -8.893612898521208177e-01 1.526492171218182814e-03 4.572025436655215991e-01
